200 77 8
77.9032 0 9 1.75 3 9 2 2 1
75.6 0 5 2 9 4 2 2 2
69.0909 0 9 2 9.25 8 3 3 2
65.7143 0 3 2 3 5 2 4 2
57.6522 0 5 2 9 5 2 4 2
57.375 0 5 2 9 5 3 2 9
52 0 9 1.75 9 5 3 4 2
51.4286 0 5 2 4 5 2 4 2
50.1429 0 5 2 8 6 3 1 2
46.2 0 9 2 3 8 2 4 2
45.625 0 5 2 9 8 3 3 2
45.1842 0 5 2 3 3.75 2 2 2
44.8 0 5 2 9 5 3 4 2
41.7368 0 5 2 9 5 3 4 1
39.2857 0 5.25 2 9.25 5 3 4 2
38.5 0 4 2 5 9 2 4 2
38.1818 0 5 2 9 5 3 4 1
37.0909 0 9 2 9 4 2 2 2
36.6667 0 5 2 9 5 3 3 2
36.6667 0 5 2 9 5 3 4 1
36.6667 0 9 2 9 8 3 3 2
36.6667 0 5 2 9 8 3 3 2
35.5882 0 5 2 9 5 3 4 2
35.5882 0 5 2 4 5 3 1 2
34.6154 0 8.75 2 6 8 3 1.75 2
34.2 0 5 2 9 5 3 4 1
33.8462 0 4 2 4 8 3 4 1
33.5455 0 9 2 9 6 2 2 2
33.3 0 5 2 9 9 3 4 2
31.5 0 5.25 2 9 8 2 2 2
31.3333 0 3.25 2 4 5 2 4 2
31.0909 0 5 2 4 6 3 4 1
30.4615 0 5 2 4 5 3 4 2
30.2222 0 3.25 2 4 5 2 4 2
30 0 4.75 2 9 5 3 2 9
30 0 5 2 4 5 3 4 2
30 0 5 2 4 5 3 1 2
29.4118 0 5 2 9 5 3 3 2
29 0 3.25 2 4 5 2 4 2
28.9286 0 5 2 9 5 3 2 9
28 0 5 2 3 8 3 3 2
28 0 5 2 9 8 3 3 2
28 0 8.75 2 6 8 3 1.75 2
28 0 3.75 2 4 8 2 4 2
27.6429 0 4 2 4 5 3 1 2
27.2222 0 3.25 2 4 5 2 4 2
27.2 0 5 2 4 5 3 1 2
27 0 5 2 9 5 3 2 9
26.9091 0 5 2 4 5 2 2 2
26.4615 0 5 2 4 9 3 4 2
26.25 0 5 2 9 5 3 1.75 2
26 0 5 2 2 4 3 4 2
25.6667 0 4 2 9 8 3 4 2
25.375 0 3 2 8 6 3 2 9
24.8889 0 3 2 8 6 3 1 2
24.6154 0 9 2 9 6 2 4 1
24.5714 0 4 2 4 8 2 4 1
24.1111 0 5 2 3 9 2 2 1
24 0 5 2 4 6 3 4 1
23.3333 0 3 2 3 5 3 2 2
23.1 0 4.75 2 8.75 5 2 4 2
22.9333 0 9 2 3 8 2 4 2
22.4 0 5 2 4 8.25 2 4 2
22.2857 0 4 2 4 5 3 1 2
22.2857 0 4 2 9 8 3 3 2
22.2727 0 9 2 4 6 2 2 2
22.2727 0 5 2 9 8 3 3 2
21.5833 0 5 2 9 8 2 4 2
21 0 9 2 9 8 3 3 2
21 0 9 2 4 6.25 3 2 2
20.25 0 5 2 4 9 3 4 2
20.25 0 9 2 9 5 2 2 2
20 0 5 2 9 4 2 2 2
20 0 5 2 4 6 3 4 1
19.5 0 4 2 9 8 3 3 2
19.3333 0 4.75 2 9 5 3 4 2
19 0 9 2 3 4 3 8 9
18.6667 0 4.75 2 9 5 3 2 9
18.6667 0 5 2 4 5 2 4 2
18.6 0 9 2 9 6 2 4 1
18.6 0 5 2 4 5 3 2 2
18 0 9 1.75 9 5 3 4 2
17.5 0 5 2 9 8 3 3 2
17.5 0 4 2 4 8 2 4 2
17.4545 0 5 2 9 5 3 1.75 2
17.4545 0 9 2 9 8 3 3 2
16.9091 0 5 2 3 9 3 1 2
16.6154 0 5 2 9 9 3 4 2
16.5 0 5 2 9 4 2 2 2
16.4 0 9 1.75 9 5 3 4 2
16.2857 0 5 2 9 5 3 3 2
16 0 5 2 9 4 2 2 2
16 0 4.75 2 4 9 3 4 2
16 0 8.75 2 6 8 2 2 2
16 0 9 2 9 6 2 4 1
16 0 3.75 2 4 8 2 4 2
16 0 9 2 4 6.25 3 2 2
16 0 5 2 9 5 3 4 1
16 0 4 2 4 8 3 4 1
15.7143 0 9 2 9 6 2 2 2
15.6923 0 9 2 9 8 3 3 2
15.625 0 4.75 2 8.75 5 2 4 2
15.5 0 5 2 4 5 2 4 2
15.5 0 5 2 9 6 2 4 1
15.2 0 9 1.75 3 9 2 2 1
15 0 5 2 6 9 3 4 2
15 0 5 2 4 5 3 1 2
14.4 0 5.25 2 9 5 3 8 1
14.4 0 4 2 9 5 3 4 1
14.4 0 5 2 4 8.25 2 4 2
14.0909 0 9 2 9 4 2 2 2
14.0909 0 5 2 4 5 2 4 2
14 0 5 2 6 9 3 4 2
14 0 9 2 9 5 2 2 2
13.6 0 5 2 9 5 3 2 9
13.6 0 5 2 3 9 2 2 2
13.3333 0 5 2 9 5 2 4 2
12.5714 0 8.75 2 6 8 2 2 2
12 0 5 2 3 3 2 2 2
12 0 4 2 9 8 3 4 2
12 0 5 2 9 9 3 4 2
12 0 5.25 2 9 5 3 8 1
12 0 3 2 3 5 3 2 2
12 0 5 2 4 6 3 4 1
12 0 3.25 2 4 5 2 2 2
12 0 5 2 9 5 2 2 2
11.4286 0 5 2 3 5 2 8 2
11.4286 0 5 2 4 8.25 2 4 2
11.2727 0 5 2 9 5 3 2 9
11.25 0 5 2 9 5 3 4 1
11.25 0 5 2 9 5 3 4 1
11.2 0 3.75 2 4 8 2 4 2
10.9091 0 5 2 3 8 3 3 2
10.8571 0 5 2 9 9 3 4 2
10.5 0 5 2 3 3.75 2 2 2
10.5 0 5 2 4 9 3 4 2
10.5 0 5 2 3 5 2 8 1
10.5 0 5 2 9 8 3 3 2
10.5 0 5 2 4 9 3 4 2
10.4 0 5 2 3 3 2 2 2
10.2222 0 9 1.75 9 5 3 4 2
9.6 0 5 2 9 5 3 4 9
9.6 0 5 2 9 5 3 2 9
9.6 0 3 2 3 5 2 4 2
9 0 5 2 4 9 3 4 1
9 0 9 2 9 6 2 2 2
9 0 5 2 9 5 2 4 2
9 0 3 2 3 5 2 4 2
8.61538 0 4.75 2 4 9 3 4 2
8.5 0 4 2 4 8 3 4 1
8.5 0 5 2 9 4 2 2 2
8.4 0 5 2 9 5 2 2 2
8.14286 0 5 2 9 8 3 3 2
8 0 5 2 9 5 3 4 2
8 0 9 2 9.25 8 3 3 2
8 0 5 2 3.75 5 3 1 1
8 0 5 2 4 5 2 4 2
8 0 3.25 2 4 5 2 2 2
7.71429 0 9 2 9 4 2 2 2
7.66667 0 5 2 9 4 2 2 2
7.66667 0 5 2 9 5 3 2 9
7.66667 0 5 2 9 5 3 4 2
7.5 0 5.25 2 9 5 3 4 1
7.28571 0 8.75 2 6 8 2 2 2
6.9 0 4 2 4 8 2 4 2
6.66667 0 5 2 3 5 2 8 2
6.66667 0 5 2 9 5 2 2 2
6.66667 0 9 2 9 4 2 4 2
6.66667 0 5 2 9 5 3 1.75 2
6 0 5 2 4 5 3 4 2
6 0 5 2 9 9 3 4 2
6 0 5 2 3 3.75 2 2 2
6 0 5 2 9 5 3 2 9
5.66667 0 5 2 3 3.75 2 2 2
5.6 0 5 2 9 5 3 2 9
5.5 0 5.25 2 9 5 3 8 1
5.33333 0 5 2 4 8.25 2 4 2
5.33333 0 5 2 3 5 2 8 1
5 0 5 2 3 3.75 2 2 2
4.85714 0 5 2 4 5 2 4 2
4.75 0 9 2 9 4 2 2 1
4.4 0 5 2 4 5 3 1 2
4.36364 0 5 2 4 5 3 1 2
4.25 0 5 2 9 4 2 2 2
3.5 0 5 2 4 6 3 4 2
3 0 5 2 9 5 3 1.75 2
3 0 4.75 2 4 9 3 4 2
2.75 0 5 2 3 5 2 8 1
2.75 0 4 2 9 8 3 4 2
2.66667 0 9 2 4 6 2 2 2
2.66667 0 4 2 4 8 3 4 1
2.5 0 9 2 4 6.25 3 2 2
2.5 0 5 2 3 5 2 8 1
2.5 0 5 2 4 9 3 4 2
2.4 0 5 2 3 9 3 1 2
2.4 0 3 2 3 5 2 4 2
2.2 0 5 2 9 6 2 4 1
2.16667 0 9 1.75 9 5 3 4 2
2 0 9 2 9 4 2 2 1
2 0 9 2 4 6.25 3 2 2
