200 236 8
51.6364 0 4 2 7 8 3 1 1
44 0 4 2 7 9 3 1 0
38.1818 0 4 1 6 9 3 1 0
36 0 5 2 6 9 3 1 1
36 0 4 1 7 9 3 1 1
33.3 0 4.75 1 7 9 3 1 0
32 0 5 1 6 9 3 1 1
32 0 5 2 6 9 3 1 1
32 0 4 1 6 9.25 3 1 1
30.2222 0 5.25 1 7 9 3 1 0
28.8 0 4 2 7 9 3 1 0
28 0 4 1 6.25 9 3 0 0
28 0 5 2 7 9 3 1 1
26.25 0 4.75 2 7 9 3 1 0
25.375 0 5 2 6 9 3 0 0
24 0 4 2 6 8 3 0.75 0
24 0 5 2 7 9 3 1 1
22.9091 0 5 1 6 9 3 1 0
22.9091 0 4 2 7 9 3 1 1
20 0 3.75 2 6 9 3 0.75 0
20 0 4 1 6 9 3 0 0
20 0 5.25 1 7 9 3 1 1
20 0 4 1 6 9 3 1 1
20 0 4 1 6 9 3 1 0.75
20 0 4 2 7 7.75 3 1 0
20 0 5 2 7 9 3 1 1
18.3333 0 4 1 7 8 3 0 0
17.5 0 4 1 6 9 3 1 1
17.5 0 5 2 6 9 3 1 0
16.4286 0 5 1 7 9 3 1 0
16 0 5.25 1 6 9 3 1 1
16 0 5 1 7 9 3 1 0
16 0 4 2 7 9 3 1 0
16 0 4 1 7 9 3 0 0
16 0 4 2 7 9 3 1 0
16 0 4 2 7 9 3 1 0
16 0 4 1 6 9 3 1 0
16 0 4 1 7 8 3 0 0
16 0 4 1 6 9 3 1 0
16 0 4 2 7 7.75 3 1 0
16 0 5 2 7 9 3 1 1
16 0 5 2 7 8 3 1 0
16 0 5 1 7 9 3 1 1
16 0 1.75 2 6 9 3 1 0
15.7143 0 5 1.75 7 9.25 3 1 0
15.2 0 4.75 2 7 9 3 1 1
15.2 0 4 2 7 8 3 0 0
15 0 5 2 7 9 3 1 0
14.4 0 4.75 1 7 9 3 0 1
14 0 5 1 6 9 3 0.75 0
13.6 0 4 1 6 9 3 1 1
13.3333 0 4.75 1 6 9 3 0 0
12.5714 0 4 2 7 9 3 1 0
12 0 4 2 7 8 3 1 1
12 0 5 1 6 9 3 1 1
12 0 5 1.75 7 9.25 3 1 0
12 0 4 2 7 8 3 1 1
12 0 2.75 2 6 8 3 1 1
12 0 4 1 6.25 9 3 0 0
12 0 4 1 6 9 3 1 0
12 0 1.75 2 6 9 3 1 0
12 0 1.75 2 7 8 3 1 0
12 0 4.75 1 6 9 3 0 0
12 0 4.75 1 7 9 3 0 1
12 0 5 1 6 9 3 1 0
12 0 5 1 7 9 3 1 0
12 0 4.25 1 6 9 3 1 1
12 0 5.25 1 6 9 3 1 1
12 0 5 2 6 9 3 1 1
12 0 4 2 7 9 3 1 1.25
11.4286 0 5 1.75 7 9.25 3 1 0
10.5 0 5 1 6 9 3 1 1
10.5 0 5 1 6 9 3 1 1
10.2 0 5 2.25 7 9 3 1 0
9.75 0 4 2 7 9 3 1 0
9.6 0 5 2 7 9 3 1 0
8 0 4 1 6 9 3 0 0
8 0 4 1 7 9 3 1 1
8 0 4 2 7 8 3 1 1
8 0 5 1 6 9 3 0 1
8 0 5 1 6 9 3 1 0
8 0 4 2 7 9 3 1 0
8 0 5 2 6 9 3 0 0
8 0 4 1 7 9 3 1 0
8 0 5 2 6 9 3 1 0.75
8 0 4 2 7 9 3 1 1
8 0 4 1 7 9 3 1 0
8 0 5 1 7 9 3 1 0
8 0 5 2 7 9 3 1 1
8 0 4 2 7 9 3 1 1
8 0 4 2 7 9 3 1 0
8 0 5 2 7 9 3 1 1
8 0 5 1 7 9 3 1 0
8 0 5.25 1 7 9 3 1 1
8 0 5 1 6 9 3 1 0
8 0 5 2 7 8 3 0 0
8 0 4 1 6.25 9 3 0 0
8 0 4 1 7 9 3 1 0
6.66667 0 4 1 7 9 3 1 1
6 0 4.75 1 7 9 3 0 1
6 0 4 2 7 7 3 1 0
6 0 4 2 7 8 3 1 0.25
6 0 4.75 1 6 9 3 0 0
6 0 5 1 7 8 3 0 1
6 0 4 2 7 9 3 1 0
5.5 0 4 2 7 9 3 1 0
5.5 0 5 2 7 8 3 0 0
5 0 5 1 6 9 3 1 1
4 0 5 2 6 9 3 1 0
4 0 5 2 7 9 3 1 1
4 0 5.25 1 7 9 3 1 1
4 0 4.75 1 7 9 3 0 1
4 0 5 1 7 9 3 1 0
4 0 5 2 6 9 3 0 0
4 0 1.75 2 6 9 3 1 1
4 0 5 2 7 9 3 1 1
4 0 5 2 7 9 3 1 0
4 0 5 2 7 9 3 1 1
4 0 4 2 7 9 3 1 0
4 0 5 2 7 9 3 1 0
4 0 5 2.25 7 9 3 1 0.75
4 0 4 2 7 9 3 1 0
4 0 5 2.25 7 9 3 1 0
4 0 5 1 6 9 3 1 1
4 0 5 2.25 7 9 3 1 0.75
4 0 4 2 7 8 3 1 0
4 0 4 2 7 9 3 1 1
4 0 4 2 7 9 3 1 0
4 0 4 1 6 9.25 3 1 1
4 0 4 2 7 8 3 1 0.25
4 0 5 2 7 9 3 1 1
4 0 4.75 2 7 9 3 1 0
4 0 4 2 7 8 3 1 1
4 0 4 2 7 9 3 1 1
4 0 5 2 7 9 3 1 1
4 0 5.25 1 6 9 3 1 1
4 0 5 1 7 9 3 1 0
4 0 5 1 6 9 3 1 0
4 0 5 1.75 7 9 3 1 0
4 0 5 1 7 8 3 0 1
4 0 5 1 6 9 3 1 1
4 0 5 2 7 9 3 1 0
4 0 5 1 6 9 3 0.75 0
4 0 5 1 7 9 3 1 0
4 0 4 2 7 9 3 1 1
4 0 5 2 7 9 3 1 0
4 0 5 2 7 9 3 1 1
4 0 5 2 6 9 3 0 0
4 0 4 1 6 9 3 0 0
4 0 5 2 7 9 3 0.75 1
4 0 4 1 6 9 3 1 0
3.5 0 4.75 2 7 8 3 1 1
3 0 5 2 6 9 3 1 0
2.66667 0 5 2 7 8 3 0 0
2.66667 0 4 2 7 9 3 1 1
2 0 2.75 2 6 9 3 0.75 1
0 0 4 2 7 8 3 1 0
0 0 5 2 7 8 3 0 0
0 0 5 2.25 7 9 3 1 1
0 0 4.25 1 6 9 3 1 1
0 0 5 2 7 9 3 1 0
0 0 4 2 7 9 3 1 1
0 0 4 1 6 9 3 1 0
0 0 4 1 6 9 3 1 0.75
0 0 4 1 7 8 3 0 0
0 0 4 2 7 9 3 1 1
0 0 2.75 2 6 9 3 1 1
0 0 5 2 7 9 3 1 0
0 0 4 2 7 8 3 1 0
0 0 4 2 7 8 3 1 0
0 0 5 2 7 9 3 1 1
0 0 5 2 7 9 3 1 0
0 0 5 1 6 9 3 0 1
0 0 4.75 2 7 9 3 1 1
0 0 5 2 6 9 3 1 0.75
0 0 4.75 1 7 9 3 1 1
0 0 4 1 7 9 3 1 1
0 0 5 1 6 9 3 1 1
0 0 4 1 7 9 3 1 1
0 0 4 2 7 8 3 1 1
0 0 4 2 7 7 3 1 0
0 0 5 2 6 9 3 1 0.75
0 0 4 1 6 9 3 1 0.75
0 0 4 2 7 9 3 1 0
0 0 5 2 7 9 3 1 0
0 0 5 2 7 8 3 0 0
0 0 4 1 6.25 9 3 0 0
0 0 4 1 7 9 3 1 1
0 0 4.25 1 6 9 3 1 1
0 0 5 2 7 9 3 1 1
0 0 5 1.75 7 9.25 3 1 0
0 0 5 2.25 7 9 3 1 0
0 0 4.75 1 6 9 3 0 0
0 0 4 2 7 9 3 1 1
0 0 5 2 7 9 3 1 0
0 0 5 2 7 9 3 1 0
0 0 1.75 2 7 8 3 1 0
0 0 2.75 2 6 9 3 0.75 1
0 0 5 2 6 9 3 0 0
0 0 5 2.25 7 9 3 1 0
